40.0, 0.0, 6.0
10.0, 0.0, 6.0
10.0, 10.0, 6.0
40.0, -10.0, 6.0
20.0, 0.0, 6.0
20.0, 30.0, 6.0
20.0, 30.2, 6.0
20.0, 30.0, 6.0
20.0, 30.2, 6.0
20.0, 30.0, 6.0
20.0, 30.2, 6.0
-2.0, 20.0, 6.0



-10.0, +30.0, +6.0
-10.0, -10.0, +6.0
 +0.0,  +0.0, +6.0
-20.0, +20.0, +6.0
 +0.0, +20.0, +6.0
-20.0,  +0.0, +6.0
-20.0, +20.0, +6.0
-10.0, -10.0, +6.0
-10.0, +20.0, +6.0
 +0.0, +30.0, +6.0
 +0.0, +20.0, +6.0


40.0, 0.0, 6.0
10.0, 0.0, 6.0





40.0, 0.0, 6.0
10.0, 0.0, 6.0
0.0,
10.0,
30.0
30.0
10.0
30.0
0.0
30.0
40.0
30.0
